101 1111
112 111011
109 111010
120 11100111
70 1110011011
107 1110011010
84 111001100
42 001010
35 0010011
73 00101100
44 0010010
103 111000
121 001000
115 0001
117 00001
58 00000011
96 000001111
37 00000010101
68 000001101
118 0000010
87 00000010111
79 000001100
50 00000010110
49 0000000000
108 11010
75 0000001000
85 00000000010
41 00000000011
100 11001
106 000001110
47 00000001110
48 000000010
69 0000000011
10 110000
40 00000001111
99 01111
82 0000000010
53 00000010100
80 0000000110
51 00000010010
110 0101
81 00000010011
113 00101101
45 0010111
104 110111
111 0011
105 0100
46 0111010
114 0110
129 11000101000
13 011100
72 110001100
119 0111011
116 1000
97 1001
32 101
65 110001000
122 1100010010
76 1100010011
66 11000101001
77 1100010101
43 110001011
102 110110
83 110001101
67 11000111
98 1110010
